20	0	0
3	1	0
10	2	0
10	3	0
10	4	0
1	5	0
1	6	0
19	7	0
1	8	0
1	9	0
1	10	0
1	11	0
1	12	0
1	13	0
18	14	0
17	15	0
1	16	0
18	17	0
1	18	0
16	19	0
16	20	0
16	21	0
3	22	0
10	23	0
11	24	0
11	25	0
1	26	0
11	27	0
17	28	0
10	29	0
3	30	0
3	31	0
3	32	0
3	33	0
3	34	0
3	35	0
11	36	0
11	37	0
1	38	0
8	39	0
8	40	0
8	41	0
8	42	0
8	43	0
8	44	0
8	45	0
8	46	0
14	47	0
2	48	0
1	49	0
1	50	0
10	51	0
8	52	0
8	53	0
8	54	0
8	55	0
8	56	0
8	57	0
8	58	0
8	59	0
8	60	0
8	61	0
11	62	0
3	63	0
15	64	0
2	65	0
18	66	0
2	67	0
2	68	0
1	69	0
4	70	0
14	71	0
14	72	0
1	73	0
1	74	0
14	75	0
14	76	0
17	77	0
1	78	0
15	79	0
1	80	0
18	81	0
18	82	0
1	83	0
21	84	1
1	85	0
21	86	1
1	87	0
17	88	0
17	89	0
1	90	0
15	91	0
17	92	0
3	93	0
2	94	0
21	95	0
3	96	0
3	97	0
11	98	0
3	99	0
2	100	0
22	101	1
18	102	0
1	103	0
14	104	0
14	105	0
14	106	0
14	107	0
14	108	0
14	109	0
19	110	0
15	111	0
1	112	0
14	113	0
16	114	0
15	115	0
14	116	0
14	117	0
3	121	0
10	122	0
10	123	0
2	125	0
12	126	0
17	127	0
1	128	0
1	129	0
19	130	0
19	131	0
17	132	0
9	134	0
9	135	0
3	136	0
3	137	0
3	138	0
17	139	0
1	140	0
2	141	0
23	142	1
3	143	0
32	144	1
3	145	0
1	146	0
15	147	0
2	148	0
4	149	0
17	150	0
1	151	0
21	152	1
1	153	0
1	154	0
1	155	0
9	156	0
8	157	0
2	158	0
17	159	0
1	160	0
17	161	0
2	162	0
1	163	0
1	164	0
1	165	0
3	166	0
16	167	0
1	168	0
3	169	0
1	170	0
1	171	0
1	172	0
1	173	0
1	174	0
3	175	0
4	176	0
1	177	0
4	178	0
4	179	0
4	180	0
1	181	0
16	182	0
3	183	0
12	184	0
6	185	0
1	186	0
5	187	0
5	188	0
5	189	0
4	190	0
4	191	0
3	192	0
3	193	0
4	194	0
5	195	0
5	196	0
5	197	0
5	198	0
5	199	0
5	200	0
5	201	0
5	202	0
5	203	0
5	204	0
5	205	0
24	206	1
5	207	0
9	208	0
8	209	0
8	210	0
8	211	0
8	212	0
8	213	0
8	214	0
8	215	0
8	216	0
8	217	0
8	218	0
23	219	1
23	220	1
8	221	0
8	222	0
8	223	0
6	224	0
8	225	0
27	226	0
3	227	0
8	228	0
14	229	0
14	230	0
14	231	0
3	232	0
14	233	0
14	234	0
14	235	0
14	236	0
8	237	0
19	238	0
3	239	0
15	240	0
8	241	0
8	242	0
8	243	0
3	244	0
8	245	0
8	246	0
8	247	0
9	248	0
4	249	0
4	250	0
4	251	0
4	252	0
4	253	0
4	254	0
4	255	0
4	256	0
4	257	0
2	258	0
13	259	0
2	260	0
9	261	0
8	262	0
14	263	0
8	264	0
14	265	0
14	266	0
14	267	0
14	268	0
14	269	0
14	270	0
14	271	0
14	272	0
14	273	0
14	274	0
14	275	0
14	276	0
14	277	0
14	278	0
14	279	0
14	280	0
14	281	0
15	282	0
19	283	0
14	284	0
14	285	0
14	286	0
14	287	0
14	288	0
14	289	0
8	290	0
8	291	0
8	292	0
8	293	0
14	294	0
9	295	0
8	296	0
11	297	0
9	298	0
8	299	0
14	300	0
24	301	1
27	302	1
34	303	1
26	304	1
30	305	1
3	306	0
11	307	0
3	308	0
3	309	0
38	310	1
10	311	0
10	312	0
31	313	1
14	314	0
10	315	0
10	316	0
10	317	0
10	318	0
10	319	0
26	320	1
11	321	0
8	322	0
11	323	0
2	324	0
3	325	0
11	326	0
14	327	0
2	328	0
14	329	0
14	330	0
4	331	0
14	332	0
7	333	0
12	334	0
7	335	0
12	336	0
7	337	0
12	338	0
8	339	0
2	340	0
9	341	0
8	342	0
2	343	0
8	344	0
11	345	0
9	346	0
6	347	0
6	348	0
6	349	0
8	350	0
4	351	0
4	352	0
4	353	0
4	354	0
5	355	0
4	356	0
6	357	0
29	358	1
3	359	0
29	360	1
4	361	0
4	362	0
4	363	0
4	364	0
4	365	0
4	366	0
4	367	0
4	368	0
4	369	0
4	370	0
22	371	1
22	372	1
22	373	1
22	374	1
4	375	0
4	376	0
4	377	0
24	378	1
4	379	0
4	380	0
4	381	0
4	382	0
4	383	0
4	384	0
4	385	0
4	386	0
4	387	0
4	388	0
3	389	0
4	390	0
4	391	0
4	392	0
4	393	0
4	394	0
4	395	0
4	396	0
24	397	1
4	398	0
4	399	0
4	400	0
4	401	0
4	402	0
4	403	0
4	404	0
4	405	0
4	406	0
4	407	0
4	408	0
4	409	0
4	410	0
4	411	0
4	412	0
4	413	0
4	414	0
4	415	0
4	416	0
4	417	0
4	418	0
4	419	0
4	420	0
4	421	0
4	422	0
4	423	0
12	424	0
4	425	0
4	426	0
4	427	0
4	428	0
4	429	0
4	430	0
4	431	0
14	432	0
30	433	1
22	434	1
22	435	1
33	436	1
33	437	1
38	438	1
24	439	1
38	440	1
38	441	1
19	442	0
27	443	1
38	444	1
38	445	1
38	446	1
36	447	1
26	448	1
22	449	1
38	450	1
22	451	1
32	452	1
22	453	1
33	454	1
32	455	1
12	456	0
5	457	0
5	458	0
4	459	0
12	460	0
4	461	0
4	462	0
15	463	0
19	464	0
4	465	0
19	466	0
5	467	0
12	468	0
5	469	0
19	470	0
5	471	0
11	472	0
2	473	0
12	474	0
4	475	0
4	476	0
24	477	1
4	478	0
5	479	0
22	480	1
4	481	0
22	482	1
22	483	1
35	484	1
4	485	0
4	486	0
5	487	0
34	488	1
3	489	0
4	490	0
38	491	1
35	492	1
24	493	1
4	494	0
24	495	0
34	496	1
4	497	0
4	498	0
5	499	0
22	500	1
13	501	0
4	502	0
4	503	0
5	504	0
4	505	0
5	506	0
5	507	0
4	508	0
4	509	0
4	510	0
4	511	0
38	512	1
22	513	1
4	514	0
29	515	1
13	516	0
22	517	0
4	518	0
4	519	0
4	520	0
29	521	1
22	522	0
38	523	1
4	524	0
4	525	0
4	526	0
4	527	0
22	528	1
38	529	1
4	530	0
29	531	1
27	532	1
19	533	0
34	534	1
29	535	1
2	536	0
2	537	0
9	538	0
9	539	0
2	540	0
8	541	0
14	542	0
14	543	0
14	544	0
14	545	0
11	546	0
14	547	0
14	548	0
14	549	0
8	550	0
8	551	0
14	552	0
14	553	0
2	554	0
22	555	1
13	556	0
13	557	0
13	558	0
4	559	0
13	560	0
13	561	0
13	562	0
13	563	0
13	564	0
13	565	0
13	566	0
3	567	0
13	568	0
2	569	0
13	570	0
13	571	0
14	572	0
14	573	0
14	574	0
14	575	0
14	576	0
4	577	0
14	578	0
2	579	0
23	580	1
23	581	1
13	582	0
13	583	0
13	584	0
13	585	0
13	586	0
13	587	0
13	588	0
13	589	0
13	590	0
15	591	0
14	592	0
9	593	0
2	594	0
11	595	0
4	596	0
2	597	0
2	598	0
19	599	0
32	600	1
2	601	0
32	602	1
2	603	0
4	604	0
2	605	0
14	606	0
14	607	0
14	608	0
14	609	0
14	610	0
14	611	0
14	612	0
14	613	0
14	614	0
14	615	0
14	616	0
10	617	0
10	618	0
10	619	0
10	620	0
10	621	0
10	622	0
12	623	0
12	624	0
30	625	1
26	626	1
25	627	1
25	628	1
24	629	1
28	630	1
23	631	1
29	632	1
27	633	1
29	634	1
29	635	1
29	636	1
29	637	1
29	638	1
29	639	1
34	640	1
26	641	1
13	642	0
13	643	0
13	644	0
13	645	0
13	646	0
13	647	0
13	648	0
13	649	0
13	650	0
13	651	0
13	652	0
13	653	0
13	654	0
13	655	0
36	656	1
13	657	0
13	658	0
13	659	0
13	660	0
13	661	0
13	662	0
13	663	0
36	664	1
32	665	1
2	666	0
2	667	0
2	668	0
31	669	1
2	670	0
2	671	0
13	672	0
2	673	0
27	674	1
29	675	1
14	676	0
14	677	0
14	678	0
14	679	0
14	680	0
14	681	0
14	682	0
14	683	0
14	684	0
14	685	0
14	686	0
14	687	0
14	688	0
14	689	0
14	690	0
14	691	0
14	692	0
14	693	0
4	694	0
4	695	0
4	696	0
3	697	0
4	698	0
9	699	0
9	700	0
9	701	0
2	702	0
2	703	0
2	704	0
2	705	0
9	706	0
9	707	0
9	708	0
14	709	0
14	710	0
3	711	0
14	712	0
2	713	0
8	714	0
4	715	0
15	716	0
15	717	0
15	718	0
15	719	0
15	720	0
15	721	0
15	722	0
15	723	0
15	724	0
15	725	0
14	726	0
19	727	0
32	728	1
3	729	0
3	730	0
3	731	0
3	732	0
3	733	0
3	734	0
3	735	0
3	736	0
3	737	0
3	738	0
3	739	0
3	740	0
3	741	0
3	742	0
3	743	0
3	744	0
3	745	0
3	746	0
3	747	0
3	748	0
3	749	0
3	750	0
3	751	0
3	752	0
3	753	0
3	754	0
3	755	0
3	756	0
3	757	0
3	758	0
3	759	0
3	760	0
3	761	0
3	762	0
27	763	1
19	764	0
19	765	0
19	766	0
19	767	0
11	768	0
14	769	0
11	770	0
11	771	0
13	772	0
19	773	0
14	774	0
6	775	0
1	776	0
1	777	0
19	778	0
1	779	0
17	780	0
17	781	0
17	782	0
13	783	0
13	784	0
13	785	0
13	786	0
16	787	0
16	788	0
16	789	0
2	790	0
9	791	0
23	792	1
3	793	0
3	794	0
2	795	0
23	796	1
2	797	0
2	798	0
14	799	0
14	800	0
14	801	0
30	802	1
30	803	1
30	804	1
14	805	0
14	806	0
14	807	0
14	808	0
14	809	0
14	810	0
14	811	0
14	812	0
14	813	0
14	814	0
14	815	0
14	816	0
14	817	0
14	818	0
14	819	0
14	820	0
14	821	0
14	822	0
14	823	0
14	824	0
14	825	0
14	826	0
14	827	0
14	828	0
14	829	0
14	830	0
14	831	0
14	832	0
14	833	0
14	834	0
14	835	0
14	836	0
19	837	0
14	838	0
14	839	0
14	840	0
14	841	0
11	842	0
11	843	0
12	844	0
11	845	0
3	846	0
11	847	0
1	848	0
8	849	0
8	850	0
2	851	0
8	852	0
11	853	0
8	854	0
8	855	0
8	856	0
8	857	0
11	858	0
11	859	0
8	860	0
8	861	0
8	862	0
8	863	0
27	864	1
8	865	0
3	866	0
18	867	0
11	868	0
18	869	0
1	870	0
32	871	1
32	872	1
2	873	0
10	874	0
10	875	0
1	876	0
8	877	0
2	878	0
3	879	0
20	880	0
15	881	0
14	882	0
18	883	0
17	884	0
19	885	0
18	886	0
18	887	0
20	888	0
11	889	0
14	890	0
1	891	0
2	892	0
20	893	0
17	894	0
2	895	0
14	896	0
1	897	0
3	898	0
10	899	0
8	900	0
14	901	0
32	902	1
18	903	0
8	904	0
18	905	0
23	906	1
14	907	0
2	908	0
18	909	0
14	910	0
17	911	0
14	912	0
14	913	0
20	914	0
20	915	0
14	916	0
14	917	0
2	918	0
18	919	0
3	920	0
14	921	0
1	922	0
14	923	0
14	924	0
11	925	0
1	926	0
20	927	0
1	928	0
1	929	0
1	930	0
1	931	0
14	932	0
20	933	0
1	934	0
8	935	0
17	936	0
1	937	0
18	938	0
18	939	0
14	940	0
20	941	0
11	942	0
23	943	1
2	944	0
20	945	0
3	946	0
1	947	0
1	948	0
18	949	0
3	950	0
14	951	0
2	952	0
1	953	0
17	954	0
3	955	0
2	956	0
1	957	0
20	958	0
2	959	0
14	960	0
8	961	0
14	962	0
15	963	0
18	964	0
3	965	0
1	966	0
20	967	0
15	968	0
1	969	0
15	970	0
1	971	0
1	972	0
12	973	0
1	974	0
1	975	0
14	976	0
14	977	0
14	978	0
1	979	0
18	980	0
14	981	0
11	982	0
1	983	0
1	984	0
8	985	0
1	986	0
1	987	0
3	988	0
17	989	0
14	990	0
3	991	0
14	992	0
1	993	0
10	994	0
2	995	0
10	996	0
1	997	0
1	998	0
1	999	0
1	1000	0
23	1001	1
20	1002	0
1	1003	0
14	1004	0
14	1005	0
9	1006	0
14	1007	0
14	1008	0
14	1009	0
20	1010	0
1	1011	0
11	1012	0
14	1013	0
14	1014	0
14	1015	0
1	1016	0
21	1017	1
20	1018	0
10	1019	0
18	1020	0
14	1021	0
14	1022	0
14	1023	0
1	1024	0
1	1025	0
17	1026	0
1	1027	0
1	1028	0
2	1030	0
2	1031	0
14	1032	0
14	1033	0
17	1034	0
1	1036	0
14	1037	0
1	1039	0
1	1040	0
38	1041	1
1	1042	0
19	1043	0
16	1044	0
17	1045	0
17	1046	0
17	1047	0
1	1048	0
16	1049	0
1	1050	0
1	1051	0
14	1052	0
1	1053	0
1	1054	0
1	1055	0
3	1056	0
1	1057	0
3	1058	0
18	1059	0
1	1060	0
1	1061	0
1	1062	0
9	1063	0
1	1064	0
1	1065	0
14	1066	0
1	1067	0
1	1068	0
17	1069	0
1	1070	0
20	1071	0
18	1072	0
1	1073	0
1	1074	0
1	1075	0
18	1076	0
1	1077	0
18	1078	0
18	1079	0
1	1080	0
1	1081	0
1	1082	0
18	1083	0
19	1084	0
20	1085	0
20	1086	0
18	1087	0
20	1088	0
1	1089	0
1	1090	0
2	1091	0
20	1092	0
1	1093	0
1	1094	0
19	1095	0
18	1096	0
1	1097	0
20	1098	0
1	1099	0
1	1100	0
1	1101	0
1	1102	0
1	1103	0
1	1104	0
1	1105	0
1	1106	0
20	1107	0
20	1108	0
1	1109	0
1	1110	0
1	1111	0
20	1112	0
1	1113	0
19	1114	0
1	1115	0
1	1116	0
20	1117	0
20	1118	0
1	1119	0
1	1120	0
11	1121	0
8	1122	0
1	1123	0
1	1124	0
2	1125	0
1	1126	0
11	1127	0
2	1128	0
3	1129	0
5	1130	0
1	1131	0
23	1132	1
26	1133	1
28	1134	1
19	1135	0
37	1136	1
14	1138	0
18	1139	0
24	1141	1
9	1142	0
8	1143	0
4	1144	0
19	1145	0
19	1146	0
4	1147	0
18	1148	0
4	1149	0
3	1150	0
5	1151	0
4	1152	0
11	1153	0
11	1154	0
8	1155	0
10	1156	0
8	1157	0
8	1158	0
29	1159	1
29	1160	1
9	1161	0
4	1162	0
10	1164	0
14	1165	0
14	1166	0
8	1167	0
14	1168	0
14	1169	0
14	1170	0
14	1171	0
14	1172	0
14	1173	0
29	1174	1
31	1175	1
8	1176	0
14	1178	0
27	1179	1
4	1180	0
3	1181	0
27	1182	1
14	1183	0
14	1184	0
2	1185	0
5	1186	0
27	1187	1
14	1188	0
19	1189	0
9	1190	0
36	1191	1
19	1192	0
38	1193	1
9	1194	0
14	1195	0
10	1196	0
10	1197	0
5	1198	0
11	1199	0
4	1200	0
19	1201	0
9	1202	0
32	1203	1
3	1204	0
14	1205	0
19	1206	0
8	1207	0
3	1208	0
7	1209	0
19	1210	0
9	1211	0
14	1213	0
11	1214	0
14	1215	0
4	1216	0
9	1217	0
29	1218	1
22	1219	1
9	1220	0
9	1221	0
19	1222	0
9	1223	0
8	1224	0
7	1225	0
4	1226	0
9	1227	0
14	1228	0
4	1229	0
9	1230	0
4	1231	0
4	1232	0
15	1233	0
8	1234	0
1	1235	0
10	1236	0
3	1238	0
16	1240	0
3	1241	0
23	1242	1
16	1245	0
8	1247	0
29	1248	1
1	1249	0
1	1250	0
2	1251	0
23	1252	1
23	1253	1
1	1254	0
1	1256	0
10	1257	0
20	1258	0
23	1261	1
18	1265	0
2	1266	0
30	1268	1
23	1269	1
2	1271	0
20	1275	0
1	1276	0
15	1277	0
38	1278	1
2	1280	0
1	1281	0
21	1285	1
1	1286	0
14	1287	0
1	1288	0
14	1293	0
1	1296	0
1	1297	0
14	1298	0
23	1300	1
14	1302	0
14	1303	0
16	1304	0
23	1306	1
19	1307	0
1	1308	0
1	1310	0
1	1311	0
12	1312	0
1	1313	0
23	1315	1
1	1320	0
1	1321	0
31	1323	1
1	1324	0
1	1326	0
1	1327	0
1	1331	0
1	1333	0
11	1334	0
14	1335	0
1	1336	0
37	1337	1
10	1338	0
1	1339	0
2	1341	0
17	1342	0
1	1343	0
23	1344	1
24	1346	1
1	1347	0
32	1348	1
1	1349	0
1	1352	0
7	1353	0
3	1354	0
13	1355	0
23	1357	1
23	1358	1
8	1359	0
9	1360	0
13	1361	0
36	1362	1
38	1363	1
20	1390	0
20	1391	0
20	1392	0
20	1393	0
20	1394	0
20	1395	0
20	1396	0
20	1397	0
20	1398	0
20	1399	0
20	65535	0
